> 本文内容由[太陽輻射](https://zh.wikipedia.org/wiki/太陽輻射)转换而来。


[Solar_irradiance_spectrum_1992.gif](https://zh.wikipedia.org/wiki/File:Solar_irradiance_spectrum_1992.gif "fig:Solar_irradiance_spectrum_1992.gif")\]\] [Solar_Spectrum.png](https://zh.wikipedia.org/wiki/File:Solar_Spectrum.png "fig:Solar_Spectrum.png")\]\] [Oblique_rays_04_Pengo.svg](https://zh.wikipedia.org/wiki/File:Oblique_rays_04_Pengo.svg "fig:Oblique_rays_04_Pengo.svg") **太陽輻射**（）指[太陽從](https://zh.wikipedia.org/wiki/太陽 "wikilink")[核融合所產生的](https://zh.wikipedia.org/wiki/核融合 "wikilink")[能量](../Page/能量.md "wikilink")，經由[電磁波傳遞到各地的](https://zh.wikipedia.org/wiki/電磁波 "wikilink")[輻射能](https://zh.wikipedia.org/wiki/輻射能 "wikilink")。太陽輻射的[光學頻譜](../Page/光學頻譜.md "wikilink")接近[溫度](https://zh.wikipedia.org/wiki/溫度 "wikilink")5800[K的](https://zh.wikipedia.org/wiki/熱力學溫標 "wikilink")[黑體輻射](https://zh.wikipedia.org/wiki/黑體輻射 "wikilink")。大約有一半的頻譜是[電磁波譜中的](https://zh.wikipedia.org/wiki/電磁波譜 "wikilink")[可見光](https://zh.wikipedia.org/wiki/可見光 "wikilink")，而另一半有[紅外線與](https://zh.wikipedia.org/wiki/紅外線 "wikilink")[紫外線等頻譜](https://zh.wikipedia.org/wiki/紫外線 "wikilink")。如果[紫外線沒有被](https://zh.wikipedia.org/wiki/紫外線 "wikilink")[大氣層或是其他的保護裝置吸收](https://zh.wikipedia.org/wiki/大氣層 "wikilink")，它會影響人體[皮膚](../Page/皮膚.md "wikilink")的[色素的變化](https://zh.wikipedia.org/wiki/色素 "wikilink")。

測量上通常都用[全天日射計與](https://zh.wikipedia.org/wiki/全天日射計 "wikilink")[銀盤日射計](https://zh.wikipedia.org/wiki/銀盤日射計 "wikilink")（Silver-disk pyrheliometer）等儀器來測量太陽輻射。

## 北半球之太陽輻射總量

（單位：卡/平方公分）

|     |             |             |        |
| --- | ----------- | ----------- | ------ |
| 緯度  | 夏半年（4\~10月） | 冬半年（11\~3月） | 全年     |
| 0度  | 157370      | 157370      | 314740 |
| 5度  | 162540      | 151160      | 313700 |
| 10度 | 166550      | 143870      | 310420 |
| 15度 | 169400      | 135590      | 304990 |
| 20度 | 171630      | 126400      | 297480 |
| 25度 | 171630      | 116400      | 288030 |
| 30度 | 170960      | 105640      | 276600 |
| 35度 | 169200      | 94270       | 263470 |
| 40度 | 166320      | 82350       | 248670 |
| 45度 | 162440      | 70070       | 232510 |
| 50度 | 157640      | 57570       | 215210 |
| 55度 | 152190      | 45180       | 197370 |
| 60度 | 146100      | 32950       | 179050 |
| 65度 | 140140      | 21740       | 161880 |
| 70度 | 135930      | 13170       | 149100 |
| 75度 | 133430      | 7230        | 140660 |
| 80度 | 131830      | 3180        | 135010 |
| 85度 | 130920      | 730         | 131650 |
| 90度 | 130630      | 0           | 130630 |

## 南半球之太陽輻射總量

（單位：卡/平方公分）

|     |             |             |        |
| --- | ----------- | ----------- | ------ |
| 緯度  | 夏半年（11\~3月） | 冬半年（4\~10月） | 全年     |
| 0度  | 157370      | 157370      | 314740 |
| 5度  | 162540      | 151160      | 313700 |
| 10度 | 166550      | 143870      | 310420 |
| 15度 | 169400      | 135590      | 304990 |
| 20度 | 171630      | 126400      | 297480 |
| 25度 | 171630      | 116400      | 288030 |
| 30度 | 170960      | 105640      | 276600 |
| 35度 | 169200      | 94270       | 263470 |
| 40度 | 166320      | 82350       | 248670 |
| 45度 | 162440      | 70070       | 232510 |
| 50度 | 157640      | 57570       | 215210 |
| 55度 | 152190      | 45180       | 197370 |
| 60度 | 146100      | 32950       | 179050 |
| 65度 | 140140      | 21740       | 161880 |
| 70度 | 135930      | 13170       | 149100 |
| 75度 | 133430      | 7230        | 140660 |
| 80度 | 131830      | 3180        | 135010 |
| 85度 | 130920      | 730         | 131650 |
| 90度 | 130630      | 0           | 130630 |

## 參見

  - [太陽常數](../Page/太陽常數.md "wikilink")

  - [全球黯化](../Page/全球黯化.md "wikilink")

  - [太阳中微子问题](../Page/太阳中微子问题.md "wikilink")

  - [太陽活動](https://zh.wikipedia.org/wiki/太陽活動 "wikilink")

  - [太陽風](https://zh.wikipedia.org/wiki/太陽風 "wikilink")

  - [日冕物質拋射](https://zh.wikipedia.org/wiki/日冕物質拋射 "wikilink")

  - [極光](https://zh.wikipedia.org/wiki/極光 "wikilink")

  - [耀斑](../Page/耀斑.md "wikilink")

  -
[bg:Слънчево излъчване](https://zh.wikipedia.org/wiki/bg:Слънчево_излъчване "wikilink") [cs:Sluneční světlo](https://zh.wikipedia.org/wiki/cs:Sluneční_světlo "wikilink") [he:קרינת השמש](https://zh.wikipedia.org/wiki/he:קרינת_השמש "wikilink") [mk:Сончево зрачење](https://zh.wikipedia.org/wiki/mk:Сончево_зрачење "wikilink") [nl:Zonlicht](https://zh.wikipedia.org/wiki/nl:Zonlicht "wikilink") [pl:Promieniowanie słoneczne](https://zh.wikipedia.org/wiki/pl:Promieniowanie_słoneczne "wikilink") [sr:Сунчева свјетлост](https://zh.wikipedia.org/wiki/sr:Сунчева_свјетлост "wikilink") [vi:Bức xạ Mặt Trời](https://zh.wikipedia.org/wiki/vi:Bức_xạ_Mặt_Trời "wikilink")

[Category:太陽](https://zh.wikipedia.org/wiki/Category:太陽 "wikilink") [Category:太陽活動](https://zh.wikipedia.org/wiki/Category:太陽活動 "wikilink") [Category:能量](https://zh.wikipedia.org/wiki/Category:能量 "wikilink") [Category:太陽能](https://zh.wikipedia.org/wiki/Category:太陽能 "wikilink") [Category:氣候學](https://zh.wikipedia.org/wiki/Category:氣候學 "wikilink") [Category:气候变化](https://zh.wikipedia.org/wiki/Category:气候变化 "wikilink")